70112304 4213550017088674 20000 12 12 31 7 2016 1
77417489 4213550377252217 500 12 12 31 7 2016 1
69072021 4213558567677416 8000 12 12 31 7 2016 1
77201982 4213557035167448 980 12 12 31 7 2016 1
20174789 4213553701340526 456 12 12 31 7 2016 1
18804123 4213556743561777 9871 12 12 31 7 2016 1
02128477 4213550438723826 1 12 12 31 7 2016 1
20729741 4213556715237786 10000 12 12 31 7 2016 1
20887555 4213551577474551 6324 12 12 31 7 2016 1
19947741 4213554353654347 5000 12 12 31 7 2016 1
21258654 4213551168227814 7800 12 12 31 7 2016 1
21258654 4213551168227814 7800 12 12 31 7 2016 1
70112304 4213550017088674 950 17 54 3 8 2016 0
77417489 4213550377252217 2050 17 54 3 8 2016 1
70112304 4213550017088674 850 17 59 3 8 2016 0
70112304 4213550017088674 950 18 0 3 8 2016 1
70112304 4213550017088674 1050 18 4 3 8 2016 1
70112304 4213550017088674 950 18 4 3 8 2016 0
77417489 4213550377252217 2150 18 4 3 8 2016 1
70112304 4213550017088674 50 18 11 3 8 2016 0
77417489 4213550377252217 2250 18 21 3 8 2016 1
70112304 4213550017088674 2050 18 24 3 8 2016 1
70112304 4213550017088674 4050 18 31 3 8 2016 1
77417489 1234567891234567 2500 19 5 3 8 2016 0
77417489 1234567891234567 2000 19 5 3 8 2016 0
70112304 4213550017088674 1500 19 5 3 8 2016 1
70112304 4213550017088674 500 19 7 3 8 2016 0
77417489 1234567891234567 3000 19 7 3 8 2016 1
77417489 4213550377252217 2500 19 8 3 8 2016 0
70276857 666 1000 19 12 3 8 2016 1
70276857 666 0 19 13 3 8 2016 0
77417489 1234567891234567 1 19 20 3 8 2016 0
70112304 4213550017088674 700 19 34 3 8 2016 1
70112304 4213550017088674 700 19 35 3 8 2016 0
77417489 1234567891234567 1 19 35 3 8 2016 1
70112304 4213550017088674 650 19 35 3 8 2016 0
77417489 1234567891234567 51 19 35 3 8 2016 1
77417489 1234567891234567 -49 19 36 3 8 2016 0
70112304 4213550017088674 750 19 36 3 8 2016 1
77417489 1234567891234567 0 19 37 3 8 2016 1
77417489 4213550377252217 -49 19 37 3 8 2016 0
70112304 4213550017088674 4750 19 38 3 8 2016 1